-80 -72
-80 -80
-79 -71
-79 -80
-78 -70
-78 -80
-77 -69
-77 -80
-76 -68
-76 -80
-75 -67
-75 -80
-74 -66
-74 -80
-73 -65
-73 -80
-72 -64
-72 -80
-71 -63
-71 -79
-70 -62
-70 -78
-69 -61
-69 -77
-68 -60
-68 -76
-67 -59
-67 -75
-66 -58
-66 -74
-65 -57
-65 -73
-64 -56
-64 -72
-63 -55
-63 -71
-62 -54
-62 -70
-61 -53
-61 -69
-60 -52
-60 -68
-59 -51
-59 -67
-58 -50
-58 -66
-57 -49
-57 -65
-56 -48
-56 -64
-55 -47
-55 -63
-54 -46
-54 -62
-53 -45
-53 -61
-52 -44
-52 -60
-51 -43
-51 -59
-50 -42
-50 -58
-49 -41
-49 -57
-48 -40
-48 -56
-47 -39
-47 -55
-46 -38
-46 -54
-45 -37
-45 -53
-44 -36
-44 -52
-43 -35
-43 -51
-42 -34
-42 -50
-41 -33
-41 -49
-40 -32
-40 -48
-39 -31
-39 -47
-38 -30
-38 -46
-37 -29
-37 -45
-36 -28
-36 -44
-35 -27
-35 -43
-34 -26
-34 -42
-33 -25
-33 -41
-32 -24
-32 -40
-31 -23
-31 -39
-30 -22
-30 -38
-29 -21
-29 -37
-28 -20
-28 -36
-27 -19
-27 -35
-26 -18
-26 -34
-25 -17
-25 -33
-24 -16
-24 -32
-23 -15
-23 -31
-22 -14
-22 -30
-21 -13
-21 -29
-20 -12
-20 -28
-19 -11
-19 -27
-18 -10
-18 -26
-17 -9
-17 -25
-16 -8
-16 -24
-15 -7
-15 -23
-14 -6
-14 -22
-13 -5
-13 -21
-12 -4
-12 -20
-11 -3
-11 -19
-10 -2
-10 -18
-9 -1
-9 -17
-8 0
-8 -16
-7 0
-7 -15
-6 0
-6 -14
-5 0
-5 -13
-4 0
-4 -12
-3 0
-3 -11
-2 0
-2 -10
-1 0
-1 -9
0 8
0 -8
1 10
1 0
2 11
2 0
3 13
3 0
4 14
4 0
5 15
5 0
6 17
6 0
7 18
7 0
8 20
8 0
9 21
9 1
10 22
10 1
11 24
11 2
12 25
12 3
13 26
13 3
14 27
14 4
15 28
15 5
16 29
16 6
17 30
17 6
18 31
18 7
19 32
19 8
20 33
20 8
21 34
21 9
22 35
22 10
23 36
23 11
24 37
24 12
25 38
25 14
26 39
26 15
27 40
27 16
28 41
28 17
29 42
29 21
30 43
30 23
31 44
31 28
32 45
32 29
33 46
33 30
34 48
34 31
35 49
35 32
36 51
36 33
37 52
37 34
38 53
38 35
39 55
39 36
40 55
40 37
41 57
41 38
42 58
42 39
43 59
43 39
44 60
44 40
45 60
45 41
46 62
46 41
47 62
47 42
48 62
48 43
49 63
49 44
50 62
50 44
51 63
51 45
52 63
52 46
53 64
53 46
54 65
54 47
55 66
55 48
56 67
56 49
57 66
57 49
58 67
58 50
59 68
59 51
60 69
60 52
61 70
61 53
62 70
62 54
63 71
63 55
64 72
64 56
65 73
65 57
66 74
66 58
67 75
67 59
68 76
68 60
69 77
69 61
70 78
70 62
71 79
71 63
72 80
72 64
73 81
73 65
74 82
74 66
75 83
75 67
76 84
76 68
77 85
77 69
78 86
78 70
79 87
79 71
80 88
80 72
81 89
81 73
82 90
82 74
83 91
83 75
84 92
84 76
85 93
85 77
86 94
86 78
87 95
87 79
88 96
88 80
89 97
89 81
90 98
90 82
91 99
91 83
92 100
92 84
93 101
93 85
94 102
94 86
95 103
95 87
96 104
96 88
97 105
97 89
98 106
98 90
99 107
99 91
100 108
100 92
101 109
101 93
102 110
102 94
103 111
103 95
104 112
104 96
105 113
105 97
106 114
106 98
107 115
107 99
108 116
108 100
109 117
109 101
110 118
110 102
111 119
111 103
112 120
112 104
113 121
113 105
114 122
114 106
115 123
115 107
116 124
116 108
117 125
117 109
118 126
118 110
119 127
119 111
120 128
120 112
121 129
121 113
122 130
122 114
123 131
123 115
124 132
124 116
125 133
125 117
126 134
126 118
127 135
127 119
128 136
128 120
129 137
129 121
130 138
130 122
131 139
131 123
132 140
132 124
133 141
133 125
134 142
134 126
135 143
135 127
136 144
136 128
137 145
137 129
138 146
138 130
139 147
139 131
140 148
140 132
141 149
141 133
142 150
142 134
143 151
143 135
144 152
144 136
145 153
145 137
146 154
146 138
147 155
147 139
148 156
148 140
149 157
149 141
150 158
150 142
151 159
151 143
152 160
152 144
153 161
153 145
154 162
154 146
155 163
155 147
156 164
156 148
157 165
157 149
158 166
158 150
159 167
159 151
160 168
160 152
161 169
161 153
162 170
162 154
163 171
163 155
164 172
164 156
165 173
165 157
166 174
166 158
167 175
167 159
168 176
168 160
169 177
169 161
170 178
170 162
171 179
171 163
172 180
172 164
173 181
173 165
174 182
174 166
175 183
175 167
176 184
176 168
177 185
177 169
178 186
178 170
179 187
179 171
180 188
180 172
181 189
181 173
182 190
182 174
183 191
183 175
184 192
184 176
185 193
185 177
186 194
186 178
187 195
187 179
188 196
188 180
189 197
189 181
190 198
190 182
191 199
191 183
192 200
192 184
193 201
193 185
194 202
194 186
195 203
195 187
196 204
196 188
197 205
197 189
198 206
198 190
199 207
199 191
200 208
200 192
201 209
201 193
202 210
202 194
203 211
203 195
204 212
204 196
205 213
205 197
206 214
206 198
207 215
207 199
208 216
208 200
209 217
209 201
210 218
210 202
211 219
211 203
212 220
212 204
213 221
213 205
214 222
214 206
215 223
215 207
216 224
216 208
217 225
217 209
218 226
218 210
219 227
219 211
220 229
220 212
221 230
221 213
222 232
222 214
